At time 1731317655.461977482
- Translation: [0.002, -0.000, 0.000]
- Rotation: in Quaternion [0.000, 0.000, 0.031, 1.000]
- Rotation: in RPY (radian) [0.000, -0.000, 0.063]
- Rotation: in RPY (degree) [0.000, -0.000, 3.584]
- Matrix:
  0.998 -0.063  0.000  0.002
  0.063  0.998  0.000 -0.000
  0.000  0.000  1.000  0.000
  0.000  0.000  0.000  1.000
At time 1731317656.453823268
- Translation: [0.001, -0.000, 0.000]
- Rotation: in Quaternion [0.000, 0.000, 0.031, 1.000]
- Rotation: in RPY (radian) [0.000, -0.000, 0.063]
- Rotation: in RPY (degree) [0.000, -0.000, 3.588]
- Matrix:
  0.998 -0.063  0.000  0.001
  0.063  0.998  0.000 -0.000
  0.000  0.000  1.000  0.000
  0.000  0.000  0.000  1.000
At time 1731317657.461629145
- Translation: [0.001, 0.000, 0.000]
- Rotation: in Quaternion [0.000, 0.000, 0.031, 1.000]
- Rotation: in RPY (radian) [0.000, -0.000, 0.063]
- Rotation: in RPY (degree) [0.000, -0.000, 3.593]
- Matrix:
  0.998 -0.063  0.000  0.001
  0.063  0.998  0.000  0.000
  0.000  0.000  1.000  0.000
  0.000  0.000  0.000  1.000
At time 1731317658.454820580
- Translation: [0.831, 0.052, 0.000]
- Rotation: in Quaternion [0.000, 0.000, 0.031, 1.000]
- Rotation: in RPY (radian) [0.000, -0.000, 0.063]
- Rotation: in RPY (degree) [0.000, -0.000, 3.608]
- Matrix:
  0.998 -0.063  0.000  0.831
  0.063  0.998  0.000  0.052
  0.000  0.000  1.000  0.000
  0.000  0.000  0.000  1.000
At time 1731317659.462363417
- Translation: [1.520, 0.059, 0.000]
- Rotation: in Quaternion [0.000, 0.000, 0.012, 1.000]
- Rotation: in RPY (radian) [0.000, -0.000, 0.025]
- Rotation: in RPY (degree) [0.000, -0.000, 1.422]
- Matrix:
  1.000 -0.025  0.000  1.520
  0.025  1.000  0.000  0.059
  0.000  0.000  1.000  0.000
  0.000  0.000  0.000  1.000
At time 1731317660.453651823
- Translation: [0.841, 0.012, 0.000]
- Rotation: in Quaternion [0.000, 0.000, -0.652, 0.758]
- Rotation: in RPY (radian) [0.000, 0.000, -1.421]
- Rotation: in RPY (degree) [0.000, 0.000, -81.403]
- Matrix:
  0.149  0.989  0.000  0.841
 -0.989  0.149 -0.000  0.012
 -0.000  0.000  1.000  0.000
  0.000  0.000  0.000  1.000
At time 1731317661.462260816
- Translation: [0.858, -1.418, 0.000]
- Rotation: in Quaternion [0.000, 0.000, -0.587, 0.809]
- Rotation: in RPY (radian) [0.000, 0.000, -1.256]
- Rotation: in RPY (degree) [0.000, 0.000, -71.936]
- Matrix:
  0.310  0.951  0.000  0.858
 -0.951  0.310 -0.000 -1.418
 -0.000  0.000  1.000  0.000
  0.000  0.000  0.000  1.000
At time 1731317662.453628158
- Translation: [1.223, -0.734, 0.000]
- Rotation: in Quaternion [0.000, 0.000, -0.232, 0.973]
- Rotation: in RPY (radian) [0.000, 0.000, -0.468]
- Rotation: in RPY (degree) [0.000, 0.000, -26.798]
- Matrix:
  0.893  0.451  0.000  1.223
 -0.451  0.893 -0.000 -0.734
 -0.000  0.000  1.000  0.000
  0.000  0.000  0.000  1.000
At time 1731317663.461986227
- Translation: [0.752, -0.176, 0.000]
- Rotation: in Quaternion [0.000, 0.000, 0.032, 0.999]
- Rotation: in RPY (radian) [0.000, -0.000, 0.064]
- Rotation: in RPY (degree) [0.000, -0.000, 3.656]
- Matrix:
  0.998 -0.064  0.000  0.752
  0.064  0.998  0.000 -0.176
  0.000  0.000  1.000  0.000
  0.000  0.000  0.000  1.000
At time 1731317664.454455214
- Translation: [0.392, -0.043, 0.000]
- Rotation: in Quaternion [0.000, 0.000, 0.145, 0.989]
- Rotation: in RPY (radian) [0.000, -0.000, 0.292]
- Rotation: in RPY (degree) [0.000, -0.000, 16.727]
- Matrix:
  0.958 -0.288  0.000  0.392
  0.288  0.958  0.000 -0.043
  0.000  0.000  1.000  0.000
  0.000  0.000  0.000  1.000
At time 1731317665.462278073
- Translation: [0.521, 0.127, 0.000]
- Rotation: in Quaternion [0.000, 0.000, 0.200, 0.980]
- Rotation: in RPY (radian) [0.000, -0.000, 0.402]
- Rotation: in RPY (degree) [0.000, -0.000, 23.061]
- Matrix:
  0.920 -0.392  0.000  0.521
  0.392  0.920  0.000  0.127
  0.000  0.000  1.000  0.000
  0.000  0.000  0.000  1.000
At time 1731317666.454177511
- Translation: [1.639, 0.398, 0.000]
- Rotation: in Quaternion [0.000, 0.000, -0.105, 0.995]
- Rotation: in RPY (radian) [0.000, 0.000, -0.210]
- Rotation: in RPY (degree) [0.000, 0.000, -12.004]
- Matrix:
  0.978  0.208  0.000  1.639
 -0.208  0.978 -0.000  0.398
 -0.000  0.000  1.000  0.000
  0.000  0.000  0.000  1.000
At time 1731317667.462299126
- Translation: [1.338, -0.888, 0.000]
- Rotation: in Quaternion [0.000, 0.000, -0.652, 0.758]
- Rotation: in RPY (radian) [0.000, 0.000, -1.422]
- Rotation: in RPY (degree) [0.000, 0.000, -81.458]
- Matrix:
  0.149  0.989  0.000  1.338
 -0.989  0.149 -0.000 -0.888
 -0.000  0.000  1.000  0.000
  0.000  0.000  0.000  1.000
At time 1731317668.454374234
- Translation: [1.300, -1.408, 0.000]
- Rotation: in Quaternion [0.000, 0.000, -0.753, 0.658]
- Rotation: in RPY (radian) [0.000, 0.000, -1.704]
- Rotation: in RPY (degree) [0.000, 0.000, -97.635]
- Matrix:
 -0.133  0.991  0.000  1.300
 -0.991 -0.133 -0.000 -1.408
 -0.000  0.000  1.000  0.000
  0.000  0.000  0.000  1.000
At time 1731317669.463101673
- Translation: [1.770, -1.409, 0.000]
- Rotation: in Quaternion [0.000, 0.000, -0.643, 0.766]
- Rotation: in RPY (radian) [0.000, 0.000, -1.398]
- Rotation: in RPY (degree) [0.000, 0.000, -80.083]
- Matrix:
  0.172  0.985  0.000  1.770
 -0.985  0.172 -0.000 -1.409
 -0.000  0.000  1.000  0.000
  0.000  0.000  0.000  1.000
At time 1731317670.453586718
- Translation: [1.946, -1.534, 0.000]
- Rotation: in Quaternion [0.000, 0.000, -0.576, 0.817]
- Rotation: in RPY (radian) [0.000, 0.000, -1.228]
- Rotation: in RPY (degree) [0.000, 0.000, -70.343]
- Matrix:
  0.336  0.942  0.000  1.946
 -0.942  0.336 -0.000 -1.534
 -0.000  0.000  1.000  0.000
  0.000  0.000  0.000  1.000
At time 1731317671.461956552
- Translation: [1.909, -1.379, 0.000]
- Rotation: in Quaternion [0.000, 0.000, -0.685, 0.728]
- Rotation: in RPY (radian) [0.000, 0.000, -1.510]
- Rotation: in RPY (degree) [0.000, 0.000, -86.543]
- Matrix:
  0.060  0.998  0.000  1.909
 -0.998  0.060 -0.000 -1.379
 -0.000  0.000  1.000  0.000
  0.000  0.000  0.000  1.000
At time 1731317672.454387573
- Translation: [1.972, -1.474, 0.000]
- Rotation: in Quaternion [0.000, 0.000, -0.638, 0.770]
- Rotation: in RPY (radian) [0.000, 0.000, -1.385]
- Rotation: in RPY (degree) [0.000, 0.000, -79.350]
- Matrix:
  0.185  0.983  0.000  1.972
 -0.983  0.185 -0.000 -1.474
 -0.000  0.000  1.000  0.000
  0.000  0.000  0.000  1.000
At time 1731317673.462220055
- Translation: [1.972, -1.400, 0.000]
- Rotation: in Quaternion [0.000, 0.000, -0.624, 0.781]
- Rotation: in RPY (radian) [0.000, 0.000, -1.349]
- Rotation: in RPY (degree) [0.000, 0.000, -77.290]
- Matrix:
  0.220  0.975  0.000  1.972
 -0.975  0.220 -0.000 -1.400
 -0.000  0.000  1.000  0.000
  0.000  0.000  0.000  1.000
At time 1731317674.453787687
- Translation: [2.698, -1.614, 0.000]
- Rotation: in Quaternion [0.000, 0.000, -0.343, 0.939]
- Rotation: in RPY (radian) [0.000, 0.000, -0.700]
- Rotation: in RPY (degree) [0.000, 0.000, -40.100]
- Matrix:
  0.765  0.644  0.000  2.698
 -0.644  0.765 -0.000 -1.614
 -0.000  0.000  1.000  0.000
  0.000  0.000  0.000  1.000
At time 1731317675.463509603
- Translation: [2.237, -1.216, 0.000]
- Rotation: in Quaternion [0.000, 0.000, -0.634, 0.773]
- Rotation: in RPY (radian) [0.000, 0.000, -1.373]
- Rotation: in RPY (degree) [0.000, 0.000, -78.678]
- Matrix:
  0.196  0.981  0.000  2.237
 -0.981  0.196 -0.000 -1.216
 -0.000  0.000  1.000  0.000
  0.000  0.000  0.000  1.000
At time 1731317676.453605155
- Translation: [1.175, -0.605, 0.000]
- Rotation: in Quaternion [0.000, 0.000, 0.970, -0.241]
- Rotation: in RPY (radian) [0.000, -0.000, -2.654]
- Rotation: in RPY (degree) [0.000, -0.000, -152.070]
- Matrix:
 -0.884  0.468  0.000  1.175
 -0.468 -0.884  0.000 -0.605
  0.000  0.000  1.000  0.000
  0.000  0.000  0.000  1.000
At time 1731317677.462186232
- Translation: [0.507, -1.148, 0.000]
- Rotation: in Quaternion [0.000, 0.000, 0.913, -0.407]
- Rotation: in RPY (radian) [0.000, -0.000, -2.303]
- Rotation: in RPY (degree) [0.000, -0.000, -131.963]
- Matrix:
 -0.669  0.744  0.000  0.507
 -0.744 -0.669  0.000 -1.148
  0.000  0.000  1.000  0.000
  0.000  0.000  0.000  1.000
At time 1731317678.454088753
- Translation: [0.090, -1.188, 0.000]
- Rotation: in Quaternion [0.000, 0.000, 0.910, -0.414]
- Rotation: in RPY (radian) [0.000, -0.000, -2.288]
- Rotation: in RPY (degree) [0.000, -0.000, -131.113]
- Matrix:
 -0.658  0.753  0.000  0.090
 -0.753 -0.658  0.000 -1.188
  0.000  0.000  1.000  0.000
  0.000  0.000  0.000  1.000
At time 1731317679.461675732
- Translation: [0.483, -1.050, 0.000]
- Rotation: in Quaternion [0.000, 0.000, 0.963, -0.268]
- Rotation: in RPY (radian) [0.000, -0.000, -2.598]
- Rotation: in RPY (degree) [0.000, -0.000, -148.882]
- Matrix:
 -0.856  0.517  0.000  0.483
 -0.517 -0.856  0.000 -1.050
  0.000  0.000  1.000  0.000
  0.000  0.000  0.000  1.000
At time 1731317680.453853272
- Translation: [1.051, -1.434, 0.000]
- Rotation: in Quaternion [0.000, 0.000, -0.799, 0.602]
- Rotation: in RPY (radian) [0.000, 0.000, -1.851]
- Rotation: in RPY (degree) [0.000, 0.000, -106.030]
- Matrix:
 -0.276  0.961  0.000  1.051
 -0.961 -0.276 -0.000 -1.434
 -0.000  0.000  1.000  0.000
  0.000  0.000  0.000  1.000
At time 1731317681.461949596
- Translation: [0.578, -0.954, 0.000]
- Rotation: in Quaternion [0.000, 0.000, 0.910, -0.414]
- Rotation: in RPY (radian) [0.000, -0.000, -2.287]
- Rotation: in RPY (degree) [0.000, -0.000, -131.033]
- Matrix:
 -0.656  0.754  0.000  0.578
 -0.754 -0.656  0.000 -0.954
  0.000  0.000  1.000  0.000
  0.000  0.000  0.000  1.000
At time 1731317682.453818380
- Translation: [1.017, -1.471, 0.000]
- Rotation: in Quaternion [0.000, 0.000, -0.825, 0.566]
- Rotation: in RPY (radian) [0.000, 0.000, -1.939]
- Rotation: in RPY (degree) [0.000, 0.000, -111.084]
- Matrix:
 -0.360  0.933  0.000  1.017
 -0.933 -0.360 -0.000 -1.471
 -0.000  0.000  1.000  0.000
  0.000  0.000  0.000  1.000
At time 1731317683.461783027
- Translation: [0.565, -1.098, 0.000]
- Rotation: in Quaternion [0.000, 0.000, 0.882, -0.471]
- Rotation: in RPY (radian) [0.000, -0.000, -2.161]
- Rotation: in RPY (degree) [0.000, -0.000, -123.803]
- Matrix:
 -0.556  0.831  0.000  0.565
 -0.831 -0.556  0.000 -1.098
  0.000  0.000  1.000  0.000
  0.000  0.000  0.000  1.000
At time 1731317684.454007653
- Translation: [1.125, -1.487, 0.000]
- Rotation: in Quaternion [0.000, 0.000, -0.518, 0.855]
- Rotation: in RPY (radian) [0.000, 0.000, -1.089]
- Rotation: in RPY (degree) [0.000, 0.000, -62.386]
- Matrix:
  0.464  0.886  0.000  1.125
 -0.886  0.464 -0.000 -1.487
 -0.000  0.000  1.000  0.000
  0.000  0.000  0.000  1.000
At time 1731317685.461839994
- Translation: [1.092, -0.345, 0.000]
- Rotation: in Quaternion [0.000, 0.000, -0.109, 0.994]
- Rotation: in RPY (radian) [0.000, 0.000, -0.218]
- Rotation: in RPY (degree) [0.000, 0.000, -12.510]
- Matrix:
  0.976  0.217  0.000  1.092
 -0.217  0.976 -0.000 -0.345
 -0.000  0.000  1.000  0.000
  0.000  0.000  0.000  1.000
